2017 186 161 23 PT41M 150 PT30M
2017 187 321 73 PT16M 150 PT30M
2017 188 513 84 PT57M 150 PT30M
2017 190 644 111 PT53M 150 PT30M
2017 191 765 143 PT47M 150 PT30M
2017 192 886 191 PT30M 150 PT30M
2017 193 1061 214 PT53M 150 PT30M
2017 194 1165 251 PT25M 150 PT30M
2017 195 1323 277 PT15M 150 PT30M
2017 196 1468 322 PT44M 150 PT30M
2017 197 1649 340 PT31M 150 PT30M
2017 198 1786 347 PT57M 150 PT30M
2017 199 1895 387 PT20M 150 PT30M
2017 200 2026 408 PT42M 150 PT30M
2017 201 2156 421 PT20M 150 PT30M
2017 202 2333 423 PT25M 150 PT30M
2017 203 2469 456 PT29M 150 PT30M
2017 205 2576 501 PT17M 150 PT30M
2017 206 2771 531 PT46M 150 PT30M
2017 208 2874 553 PT58M 150 PT30M
2017 209 3028 586 PT38M 150 PT30M
2017 210 3152 590 PT39M 150 PT30M
2017 212 3331 609 PT18M 150 PT30M
2017 213 3467 640 PT48M 150 PT30M
2017 215 3661 672 PT49M 150 PT30M
2017 216 3823 710 PT41M 150 PT30M
2017 217 3945 722 PT52M 150 PT30M
2017 220 4135 756 PT24M 150 PT30M
2017 222 4269 798 PT56M 150 PT30M
2017 223 4386 825 PT42M 150 PT30M
2017 224 4530 845 PT20M 150 PT30M
2017 225 4720 848 PT30M 150 PT30M
2017 226 4917 892 PT50M 150 PT30M
2017 227 5069 900 PT57M 150 PT30M
2017 229 5249 950 PT20M 150 PT30M
2017 230 5408 967 PT42M 150 PT30M
2017 231 5586 987 PT19M 150 PT30M
2017 232 5690 1022 PT26M 150 PT30M
2017 233 5835 1045 PT24M 150 PT30M
2017 234 5995 1066 PT55M 150 PT30M
2017 235 6114 1115 PT36M 150 PT30M
2017 236 6244 1135 PT60M 150 PT30M
2017 237 6439 1140 PT59M 150 PT30M
2017 238 6539 1172 PT17M 150 PT30M
2017 239 6673 1181 PT39M 150 PT30M
2017 240 6809 1192 PT38M 150 PT30M
2017 241 6975 1198 PT34M 150 PT30M
2017 242 7079 1203 PT51M 150 PT30M
2017 243 7210 1208 PT21M 150 PT30M
2017 244 7352 1237 PT29M 150 PT30M
2017 245 7520 1279 PT35M 150 PT30M
2017 246 7669 1295 PT46M 150 PT30M
2017 248 7783 1317 PT40M 150 PT30M
2017 249 7953 1363 PT22M 150 PT30M
2017 250 8090 1380 PT55M 150 PT30M
2017 252 8249 1427 PT37M 150 PT30M
2017 253 8356 1443 PT23M 150 PT30M
2017 254 8463 1483 PT28M 150 PT30M
2017 256 8651 1501 PT59M 150 PT30M
2017 257 8838 1501 PT15M 150 PT30M
2017 258 8958 1510 PT42M 150 PT30M
2017 259 9111 1553 PT15M 150 PT30M
2017 260 9302 1574 PT55M 150 PT30M
2017 262 9402 1575 PT49M 150 PT30M
2017 263 9513 1582 PT24M 150 PT30M
2017 264 9613 1611 PT36M 150 PT30M
2017 265 9731 1658 PT32M 150 PT30M
2017 266 9876 1697 PT26M 150 PT30M
2017 269 9987 1737 PT20M 150 PT30M
2017 270 10164 1786 PT22M 150 PT30M
2017 272 10330 1827 PT21M 150 PT30M
2017 273 10471 1831 PT56M 150 PT30M
2017 274 10591 1865 PT27M 150 PT30M
2017 275 10714 1866 PT55M 150 PT30M
2017 277 10858 1899 PT38M 150 PT30M
2017 278 11034 1939 PT56M 150 PT30M
2017 279 11232 1983 PT51M 150 PT30M
2017 280 11385 1983 PT52M 150 PT30M
2017 281 11550 2017 PT57M 150 PT30M
2017 282 11710 2059 PT25M 150 PT30M
2017 283 11840 2083 PT34M 150 PT30M
2017 285 12012 2131 PT28M 150 PT30M
2017 286 12168 2143 PT54M 150 PT30M
2017 287 12282 2157 PT45M 150 PT30M
2017 289 12439 2199 PT19M 150 PT30M
2017 290 12625 2243 PT22M 150 PT30M
2017 291 12794 2253 PT53M 150 PT30M
2017 292 12987 2273 PT60M 150 PT30M
2017 293 13185 2318 PT42M 150 PT30M
2017 294 13353 2337 PT29M 150 PT30M
